-1.140503585338592529e-01
1.799278659746050835e-03
2.061798796057701111e-02
-4.458396136760711670e-02
9.278943762183189392e-04
1.994330585002899170e-01
-3.128508478403091431e-02
-1.054442524909973145e-01
1.135654002428054810e-02
4.923380166292190552e-02
1.156772598624229431e-01
-3.094250522553920746e-02
1.293607205152511597e-01
-5.328154936432838440e-02
-1.475004702806472778e-01
-1.379146724939346313e-01
-7.568396162241697311e-03
1.853112503886222839e-02
1.513598859310150146e-01
-9.465377032756805420e-02
-9.182132035493850708e-02
3.326778113842010498e-02
-1.475921124219894409e-01
6.934680789709091187e-02
-1.910631172358989716e-02
5.281500518321990967e-02
3.485048934817314148e-02
3.156836330890655518e-02
1.120539829134941101e-01
1.767239421606063843e-01
1.552482992410659790e-01
-1.393326837569475174e-02
-5.016760900616645813e-02
1.120129693299531937e-02
7.483492791652679443e-02
-1.381132006645202637e-02
4.812681674957275391e-02
-6.919629126787185669e-02
-1.133043020963668823e-01
1.082535833120346069e-01
5.595994740724563599e-02
-2.116915397346019745e-02
1.695064753293991089e-01
-1.131594404578208923e-01
1.296966224908828735e-01
1.469880063086748123e-02
-4.847271740436553955e-02
-8.439771085977554321e-02
5.894768401049077511e-04
1.413771361112594604e-01
-1.574676483869552612e-01
-3.213193640112876892e-02
-1.548642851412296295e-02
-5.966816097497940063e-02
1.109336242079734802e-01
5.685624480247497559e-02
-2.134902635589241982e-03
1.902996934950351715e-02
1.356658935546875000e-01
5.610510334372520447e-02
-2.745396085083484650e-02
-2.979623712599277496e-02
4.411042481660842896e-02
1.219254881143569946e-01
-1.432572901248931885e-01
-8.629683405160903931e-02
1.053724586963653564e-01
1.554511189460754395e-01
9.016568772494792938e-03
-1.009996607899665833e-01
-1.265424638986587524e-01
-1.446131616830825806e-02
1.885406672954559326e-01
1.949609369039535522e-01
-1.643748208880424500e-02
1.112589985132217407e-01
-2.260237699374556541e-03
4.365548491477966309e-02
-2.050642371177673340e-01
4.746574908494949341e-03
-1.156305223703384399e-01
-5.415308102965354919e-02
4.718558862805366516e-02
7.041897624731063843e-02
1.316248532384634018e-02
-9.109354577958583832e-03
-3.607246279716491699e-02
9.248896688222885132e-02
-1.477834582328796387e-01
1.070410758256912231e-01
8.300036191940307617e-03
5.934680253267288208e-02
-3.784882277250289917e-02
-1.038954257965087891e-01
-8.170876652002334595e-03
1.813873462378978729e-02
7.131248712539672852e-02
4.167537763714790344e-02
-8.352696150541305542e-02
1.274159550666809082e-01
-5.458206310868263245e-02
-1.409629941917955875e-03
1.189818046987056732e-02
-1.588267832994461060e-02
-2.246821764856576920e-03
1.047970727086067200e-01
-1.261953916400671005e-02
-5.090828984975814819e-02
6.185121834278106689e-03
2.434005588293075562e-02
6.093235686421394348e-02
-1.200658082962036133e-02
5.743606761097908020e-02
-3.620256111025810242e-02
-7.344365864992141724e-02
-6.451515853404998779e-02
-5.252192728221416473e-03
1.387044135481119156e-02
8.131894469261169434e-02
-4.970409721136093140e-02
-4.221293330192565918e-02
1.729756221175193787e-02
-7.590170949697494507e-02
3.788882121443748474e-02
-7.101172581315040588e-03
2.771575748920440674e-02
2.058546245098114014e-02
2.209534868597984314e-02
6.162013858556747437e-02
8.862691372632980347e-02
7.809754461050033569e-02
-1.406227611005306244e-02
-2.550196647644042969e-02
3.361916402354836464e-03
4.156666249036788940e-02
-2.348409499973058701e-03
2.617567591369152069e-02
-3.416401520371437073e-02
-5.534508824348449707e-02
5.394981428980827332e-02
2.868218906223773956e-02
-8.687477558851242065e-03
8.293367922306060791e-02
-6.418516486883163452e-02
6.482376903295516968e-02
1.416034158319234848e-02
-2.972232364118099213e-02
-5.116502195596694946e-02
1.605862868018448353e-03
7.140157371759414673e-02
-8.273865282535552979e-02
-1.662098988890647888e-02
1.020141993649303913e-03
-2.525778673589229584e-02
5.924432352185249329e-02
2.435819990932941437e-02
3.788870060816407204e-03
1.802548021078109741e-02
7.420430332422256470e-02
3.149773925542831421e-02
-1.786765456199645996e-02
-1.176693011075258255e-02
2.004700899124145508e-02
5.732734128832817078e-02
-7.668857276439666748e-02
-5.298091843724250793e-02
5.196627974510192871e-02
7.739342749118804932e-02
1.124062575399875641e-03
-4.985035210847854614e-02
-6.413511186838150024e-02
-1.489946525543928146e-02
9.669412672519683838e-02
1.003350988030433655e-01
-1.113621518015861511e-02
5.433741584420204163e-02
-8.308577351272106171e-03
2.099569328129291534e-02
-1.106783151626586914e-01
3.682863200083374977e-03
-5.936584249138832092e-02
-2.202607505023479462e-02
1.848010718822479248e-02
3.506740182638168335e-02
1.271791104227304459e-02
-6.116468925029039383e-03
-1.711620204150676727e-02
5.076476931571960449e-02
-7.558330148458480835e-02
6.020173802971839905e-02
-5.393215105868875980e-04
3.031723760068416595e-02
-2.430516108870506287e-02
-5.398717150092124939e-02
-3.128535347059369087e-03
1.106220576912164688e-02
4.059075191617012024e-02
1.963141746819019318e-02
-4.493092745542526245e-02
5.773628503084182739e-02
